0.15647119036648077,
 0.15647119036648077,
 0.12272961269202085,
 0.0038278095805629056,
 0.06404609571706085,
 0.12272961269202085,
 0.006494603866288833,
 0.07223373340651962,
 0.07223373340651962,
 0.09210032039997836,
 0.05023086614970793,
 0.07223373340651962,
 0.12272961269202085,
 0.004018740330064324,
 0.0007852667566289908,
 0.01571868276283432,
 0.0007383270491534206,
 0.09210032039997836,
 0.05023086614970793,
 0.15647119036648077,
 0.004517222613514286,
 0.12272961269202085,
 0.02004136029655416,
 0.07223373340651962,
 0.008289116162474233,
 0.15647119036648077,
 0.05023086614970793,
 0.09210032039997836,
 6.685392067754133e-06,
 0.012023015722595615,
 0.0010775727998245332,
 0.004911890190171625,
 0.005239729654695783,
 0.15647119036648077,
 0.006457709257715039,
 0.05023086614970793,
 0.0033384477398444444,
 0.15647119036648077,
 0.07223373340651962,
 0.0036081020736204476,
 0.009431009835361239,
 0.005655955336026481,
 0.00795454571610067,
 0.12272961269202085,
 0.15647119036648077,
 0.006498057360351706,
 0.15647119036648077,
 0.006517604171227701,
 0.12272961269202085,
 0.12272961269202085,
 0.06404609571706085,
 0.06404609571706085,
 0.09210032039997836,
 0.006239679955490383,
 0.006494603866288833,
 0.15647119036648077,
 0.0021515889918562567,
 0.008282816302043765,
 0.012797874428280853,
 0.12272961269202085,
 0.005760997704206334,
 0.12272961269202085,
 0.15647119036648077,
 0.12272961269202085,
 0.15647119036648077,
 0.004517624675194808,
 0.15647119036648077,
 0.06404609571706085,
 0.05023086614970793,
 0.00016344310532940138,
 0.12272961269202085,
 0.15647119036648077,
 0.05023086614970793,
 0.15647119036648077,
 0.003933125571997469,
 0.09210032039997836,
 0.07223373340651962,
 0.15647119036648077,
 0.12272961269202085,
 0.012023991928418035,
 0.00028481682552129273,
 0.005762835439977554,
 0.0029998807847327704,
 0.0033072149636984957,
 0.09210032039997836,
 0.12272961269202085,
 0.0015800726780719468,
 0.15647119036648077,
 0.12272961269202085,
 0.009431009835361239,
 0.00800862037146736,
 0.008282816302043765,
 0.12272961269202085,
 0.15647119036648077,
 0.012797874428280853,
 0.008289116162474233,
 0.15647119036648077,
 0.15647119036648077,
 0.01571868276283432,
 0.00141153433102554
